predicted >> actual
287.86497955516325 , 350.85861331227505  >>  287.23211669921875 , 350.66168212890625
289.4973117513416 , 315.75756178678955  >>  289.88348388671875 , 315.2001037597656
291.1488357867532 , 280.24381624021737  >>  292.2086486816406 , 279.9153137207031
292.81989212956114 , 244.31005537449605  >>  294.2625427246094 , 244.22679138183594
294.51082934915866 , 207.94878368579728  >>  295.8654479980469 , 207.9397735595703
296.222004358565 , 171.15232625212275  >>  296.7164306640625 , 171.5588836669922
297.9537826655781 , 133.91282333262  >>  297.2135009765625 , 134.47198486328125
299.7065386330536 , 96.22222477063792  >>  297.4700012207031 , 96.29005432128906
301.4806557487003 , 58.07228419214846  >>  297.71673583984375 , 57.67377471923828
321.37888482680006 , 356.0168748511142  >>  320.38079833984375 , 356.1782531738281
323.2385891337451 , 320.3415643650615  >>  323.1390380859375 , 320.0759582519531
325.12053763784877 , 284.2395362351428  >>  325.6614074707031 , 283.8426208496094
327.025131839492 , 247.70308834941665  >>  328.1635437011719 , 247.3748016357422
328.9527829601415 , 210.72433211320313  >>  330.433837890625 , 210.49942016601562
330.90391223834865 , 173.29518677083752  >>  332.1122131347656 , 173.48046875
332.87895123663077 , 135.40737351867534  >>  333.5188903808594 , 135.67501831054688
334.87834215970287 , 97.05240940034003  >>  334.3417053222656 , 97.22187042236328
336.9025381845544 , 58.22160097475798  >>  335.1705322265625 , 58.00006866455078
356.0611238632221 , 361.3549593940042  >>  355.1667175292969 , 361.7997741699219
358.1632422543687 , 325.0863373069918  >>  357.53643798828125 , 325.00213623046875
360.29094799810787 , 288.3762472107128  >>  360.4140930175781 , 288.3409118652344
362.44471113574605 , 251.21657930954908  >>  363.0971984863281 , 250.9320068359375
364.6250132924406 , 213.59902394744623  >>  365.5671081542969 , 213.2970428466797
366.83234803625675 , 175.51506541296362  >>  368.0159912109375 , 175.500244140625
369.06722125066386 , 136.95597551246271  >>  370.1836242675781 , 137.27061462402344
371.33015152106066 , 97.91280690124438  >>  371.84918212890625 , 98.197021484375
373.62167053594976 , 58.376386161932956  >>  373.3781433105469 , 58.54753112792969
391.9738746767387 , 366.88243701184115  >>  390.66790771484375 , 367.6618957519531
394.33463742445673 , 330.0004893955506  >>  393.5013122558594 , 330.1546936035156
396.7246518694898 , 292.6615455948258  >>  396.3866882324219 , 292.71783447265625
399.1444650782491 , 254.8570588487768  >>  399.2243957519531 , 254.69281005859375
401.59463784439896 , 216.57826793708594  >>  402.0177307128906 , 216.30726623535156
404.0757451221385 , 177.8161904108958  >>  404.7316589355469 , 177.58016967773438
406.58837647599796 , 138.5616155656796  >>  407.3731689453125 , 138.572021484375
409.13313654789073 , 98.80509714454548  >>  409.6322326660156 , 98.90895080566406
411.7106455421962 , 58.536945759834815  >>  411.9358215332031 , 59.16307830810547
429.1838070643346 , 372.60956912437905  >>  428.0881652832031 , 373.4794616699219
431.8207472813097 , 335.0932552172386  >>  431.12103271484375 , 335.3251037597656
434.4909587898305 , 297.10358351089883  >>  433.78759765625 , 297.3929443359375
437.1950752827432 , 258.6315383213535  >>  437.05792236328125 , 258.4764709472656
439.9337466483323 , 219.6678735486261  >>  440.0463562011719 , 219.4158935546875
442.70763949103537 , 180.20310526844105  >>  442.9195556640625 , 180.037353515625
445.5174376723794 , 140.22750403621467  >>  445.6173095703125 , 139.92210388183594
448.36384287305856 , 99.73108689024714  >>  448.5198059082031 , 99.68722534179688
451.24757517712584 , 58.703609040309466  >>  451.34613037109375 , 59.24068069458008
467.76249568005807 , 378.5473720778819  >>  467.4587707519531 , 379.0045166015625
470.69457709889963 , 340.37455307954394  >>  470.5446472167969 , 340.423828125
473.6643428935193 , 301.71112053739466  >>  473.6182861328125 , 301.8343505859375
476.67252426657416 , 262.5475549113204  >>  476.6826477050781 , 262.5781555175781
479.71987146089833 , 222.87408877681443  >>  479.80523681640625 , 222.51455688476562
482.80715438331 , 182.68069870361532  >>  483.0680847167969 , 182.46176147460938
485.9351632531064 , 141.95709681294574  >>  486.13714599609375 , 141.63299560546875
489.10470927639255 , 100.69272199841457  >>  489.26202392578125 , 100.38053131103516
492.3166253474526 , 58.87673079484545  >>  491.8694152832031 , 59.18827438354492
507.78687954575133 , 384.70768787029033  >>  507.6206970214844 , 384.68109130859375
511.0346393368844 , 345.8550494819419  >>  511.1944274902344 , 345.65057373046875
514.3249330925014 , 306.4935813624563  >>  514.5995483398438 , 306.4682922363281
517.65860188288 , 266.6132218689007  >>  517.7877197265625 , 266.38946533203125
521.036509100627 , 226.2036423184601  >>  521.3941040039062 , 225.81326293945312
524.459541206179 , 185.25423807008684  >>  524.6983642578125 , 185.1427459716797
527.9286085033812 , 143.7541192463298  >>  527.7928466796875 , 143.45933532714844
531.4446459465687 , 101.69210107829333  >>  531.3140258789062 , 101.41998291015625
535.0086139806548 , 59.05669385574308  >>  534.382568359375 , 59.47190475463867